1 3879 0 353 0 0 353 0 0 0 0 
68 7405 7758 5642 4937 4936 4584 4584 4937 4937 4584 
114 14105 14457 11637 10579 10226 10226 13047 13752 14457 12695 
152 81808 19747 22214 35967 27857 22215 23625 23625 21510 21157 
238 44077 45135 45840 38788 37730 37377 40903 36672 36319 36319 
270 47956 47603 45135 45487 46193 50072 58181 66997 64176 66644 
284 73344 71229 44429 40903 34557 33851 33851 33499 33146 33498 
312 58887 48661 42314 41256 44782 46193 39494 39140 39493 39141 
404 81807 66645 57830 57124 56066 56771 56066 61002 86391 97322 
480 129058 203813 102964 93091 73345 70171 71581 67350 66998 66645 
561 107900 85686 83923 82159 80749 80396 80397 79692 79691 96264 
579 99791 91328 98732 95911 84628 88155 88860 82160 82512 82160 
635 127294 106843 118127 108958 109311 122358 125179 118479 104022 97675 
676 128705 104374 101906 102611 100496 100144 99085 101201 121653 108253 
745 129057 114600 113190 111779 111074 111779 120243 113895 110016 110016 
765 157972 135405 137874 146336 154446 193234 196760 157972 167140 167140 
799 195702 240484 193587 164320 122006 126236 120948 141752 119537 119890 
859 153388 136111 138931 216860 235901 176309 206281 255648 220386 185477 
936 174193 147746 150567 146336 144925 145631 144573 156209 156209 152331 
1012 182303 160088 157973 158325 157267 160794 166788 155857 186535 177014 
1033 208044 210160 178072 184418 167846 160440 172430 157973 253885 270104 
1120 436892 239427 269752 194644 206281 174545 175250 174898 176661 176309 
1126 207691 180187 189708 177014 250711 229906 189708 179129 177719 185124 
1189 217565 193234 190766 191823 189003 189002 187945 189355 198876 196055 
1218 222149 200992 232727 215802 194997 209102 202402 193587 200991 192881 
1293 262700 265168 216154 206634 206281 217565 205928 309951 212275 286325 
1294 244011 211923 207339 206281 204870 219328 212980 205928 227791 239074 
1371 286678 224265 222854 221444 237663 220033 220033 219680 235901 244364 
1455 278215 276099 592750 389642 353675 296198 372011 281741 301135 237664 
1468 282799 292672 240485 240132 269753 238722 245774 237312 241896 237311 
1498 293024 244011 311361 257410 275393 258116 331107 240133 245774 252474 
1532 397752 367075 277862 253532 260937 250006 259879 248595 248948 250358 
1569 311008 256353 252121 255295 256000 259879 253179 286325 291262 282446 
1629 346975 277509 274689 269047 267284 266226 268342 288440 274688 270810 
1659 454171 482380 382589 303603 297961 313829 319824 334987 277157 271515 
1757 358612 312066 285620 295141 284562 285972 285267 293377 285267 284209 
1825 382943 406567 490138 436540 393873 321587 299019 296904 366722 425609 
1825 503537 313124 326171 320529 358964 326523 309598 299724 299019 320529 
1827 374479 299724 301487 327934 301840 307130 297609 298666 333576 299724 
1873 538446 517994 483438 535273 470391 316650 366016 339570 308540 306424 
1937 384353 319824 322645 401278 327228 317355 325818 350501 315240 317003 
1988 381885 328639 338512 325818 324055 329344 329344 333576 367779 366369 
2001 487669 333223 330050 334634 328991 329697 413972 487317 551493 524341 
2062 416441 345917 610733 525047 625895 551493 399868 337807 345917 342038 
2113 520815 347680 345212 354027 345917 344859 359317 358612 357906 392110 
2120 411151 401983 363195 349444 352264 346270 348386 361785 346622 346975 
2123 413972 350502 364606 349796 423493 502127 362138 358612 348033 348738 
2192 440066 366369 366017 373069 391405 898468 397047 404804 403042 366721 
2247 437597 379769 371658 372364 471449 381179 385763 370248 370953 395637 
2340 457697 400220 388584 388936 387526 388231 393520 387878 387879 569124 
2422 771173 771878 595922 597333 596275 597333 616022 593455 659747 723570 
2434 692540 717576 526457 406568 575470 406567 413267 403394 403746 417146 
2466 503890 421377 424199 518700 658688 611437 608264 607559 608969 608970 
2471 681256 565951 577939 500011 414678 480970 410799 414677 408683 878721 
2531 562424 512000 566656 511647 431250 425961 425609 472859 421730 425609 
2537 507416 431250 421378 475681 646699 606854 630479 601565 705940 606149 
2544 520463 433367 421730 421730 425256 421730 540562 644583 602270 605796 
2643 690424 692540 650226 605090 659042 674204 669620 671383 649873 439713 
2655 534568 443945 449939 442535 443239 442887 468981 449939 440771 488727 
2728 544088 467218 459107 464044 457697 513763 459460 491901 485553 582523 
2773 614964 754600 750369 697124 602623 465454 465807 652342 544441 468628 
2845 600507 480970 482027 480617 486259 483085 479912 481322 485201 479559 
2942 598391 496132 518347 523988 544793 495427 636826 760947 760948 742611 
2985 816661 544441 514821 584287 500364 512706 571240 546909 497895 510589 
2986 604738 503890 547967 514821 504595 507416 502479 507063 523284 596628 
2987 843460 769410 747196 747196 746490 744727 746490 832176 1167515 656220 
3085 843812 930909 751074 783163 768705 762005 817366 795504 788804 849102 
3129 891768 794093 812077 831471 815603 796562 789510 1230986 919978 876958 
3227 970402 842755 802204 788099 1068077 845928 816661 727449 551493 570887 
3317 670325 718281 562777 561366 6920462 874491 910457 7142610 1430215 1411878 
3317 6126368 645642 574061 564540 599801 563482 569477 593102 611085 599801 
3323 698182 562776 575471 564540 569829 560308 583934 566656 561014 561366 
3392 1026469 748958 657984 580408 598039 699239 601917 573002 576176 574060 
3428 694655 596275 584991 586049 597686 689367 589928 617785 871316 873785 
3513 1081476 922799 922094 912221 1087823 967229 899526 759889 608617 601918 
3531 847339 767647 603328 864617 815956 609322 600154 603328 603680 597686 
3552 742611 640000 605443 615317 612848 673851 1039868 1140716 958765 917510 
3615 1053972 919625 916099 925972 766942 672793 754600 620606 686898 978865 
3624 1057146 953476 953476 964408 967934 767295 698535 623427 618490 666446 
3712 801851 659041 632594 632595 629422 633653 629069 626247 635769 631185 
3733 762006 906578 946072 876254 772937 1039515 738027 1091350 951713 939019 
3764 1089586 945013 946071 945366 984154 949245 947834 946777 717576 646347 
3854 835350 661157 653752 659747 653752 663978 708407 885421 1080771 1040220 
3869 1980297 1282468 1324429 1322666 965818 1143185 805730 669267 663625 744022 
3957 826182 673851 708407 1034931 993322 686193 685135 693950 983097 1044452 
3977 1168220 1070193 1051151 1047978 1086060 1049741 1047625 929851 685134 673499 
4040 1437972 765532 685488 777168 692540 684429 691129 690424 686898 684429 
4083 1103339 793388 703471 702766 695713 705939 703471 694303 702413 701355 
4153 862149 714755 1330071 853333 716870 710523 716165 709466 777168 797619 
4208 895647 833587 725686 717928 1022237 844518 729917 724981 717928 723923 
4231 876606 726039 862501 939724 801851 727802 735207 766589 719691 727449 
4320 896705 762358 746842 740495 745080 783162 762711 739790 744727 758832 
4358 959824 953477 1120969 1159757 765885 765531 748253 750721 757069 764121 
4395 941488 784573 754247 758832 754248 770116 767647 795504 760948 753190 
4464 1059261 1138600 1223229 1158347 1136484 762711 765531 770468 779284 763769 
4488 955592 779636 787394 933025 1022589 784573 773642 765532 775758 773994 
4556 964760 1179152 1120970 1169278 817719 1054325 1173862 1000727 1024352 1166105 
4577 1190435 951361 1201719 1228871 952066 794799 800440 1427393 1194314 808199 
4620 975339 835702 803967 803967 858270 803262 793036 813487 801146 796209 
4697 997201 815956 807493 1213002 1311030 1565619 811725 826535 979570 814546 
4730 1027526 817719 822303 829355 819482 1218645 814192 823008 822656 820893 
4743 1063493 825829 934435 1146710 850512 880485 879427 818072 824771 820893 
4811 1018358 850159 856154 833940 896353 833940 887537 844166 858975 837818 
4812 1033873 1258491 1378380 839228 828650 1190083 1238743 1295163 1300804 1294810 
4844 1440087 1254611 1273653 1266601 1707724 1052562 839229 848396 849102 867791 
4940 1051857 875548 861443 852981 857918 941487 870259 853686 903052 867438 
4999 1087118 877311 1541994 945719 891416 922799 955592 862149 927735 899879 
5098 1076892 888242 882600 1182325 1361454 1188672 887890 880132 1283526 1235922 
5116 1100517 894237 927382 905521 892121 921036 904110 887537 891768 888595 
5117 1096639 890358 945719 1328308 1385432 1587129 1332892 1191493 927735 910104 
5206 1178799 908342 904462 907636 989090 915394 941840 907636 915394 925267 
5246 1539879 1084297 920330 915394 1419988 1284231 1378027 1023295 914336 909399 
5282 1598061 1408705 1000375 922094 1141421 1605112 1391779 1209477 923856 921741 
5355 1349818 1469708 1277532 947482 943603 973223 972165 931261 935140 1330072 
5425 1753564 1421046 1420341 1420341 1422810 1419636 1189025 965465 952066 967228 
5470 1168220 1050093 1751801 1235923 1170688 1467944 1431978 1421047 1419989 1457719 
5519 1677399 1357576 995085 974281 1664705 1501091 1449609 964760 1014479 1167515 
5550 1463361 1186556 1523306 1296926 984154 973576 976044 1012363 1309619 1668937 
5614 1704198 1474644 1046920 1501796 1467593 1483107 1457719 976749 1043747 1065256 
5617 1548694 1050094 983801 983802 1548341 1535294 1538115 1539526 1803989 1510259 
5640 1588539 1040925 1597708 1487691 1406589 1039515 1028936 990148 1022589 987680 
5678 1228165 993322 998964 991912 1020473 992265 1197135 1069487 1001433 995086 
5746 1234865 1021532 1007779 1008484 1029994 1032110 1061377 1569146 1515195 1497564 
5776 1883327 1160463 1016242 1014831 1042689 1043747 1012716 1008485 1018358 1018711 
5826 1438677 1551515 1437972 1055736 1222524 1318788 1518721 1555041 1563504 1532121 
5920 1495449 1039162 1039515 1040220 1069840 1046567 1037399 1232044 1418931 1442556 
5961 1284584 1072661 1043393 1240859 1398832 1047625 1427042 1635085 1638612 1776484 
6010 1926347 1577961 1224286 1049741 1062435 1047978 1059967 1047625 1217586 1578314 
6013 1560331 1062788 1488044 1086766 1134722 1148121 1070897 1056088 1083239 1612518 
6045 1867460 1589245 1583251 1582898 1767669 1066666 1057851 1061730 1216176 1596297 
6057 1538468 1084650 1065961 1192551 1268716 1072661 1062435 1112154 1289521 1573730 
6070 1315967 1117444 1066666 1068077 1064903 1070545 1080771 1369917 1626974 1365686 
6097 1387901 1783890 1599470 1599823 1069487 1092407 1096287 1070546 1060672 1065962 
6180 1336771 1083240 1090644 1095934 1631559 1119559 1090997 1088529 1081829 1085002 
6235 1394953 1644253 1304683 1105807 1146005 1342413 1702435 2015206 1256374 1109333 
6285 1403416 1105807 1109685 1102633 1109686 1104396 1680220 1692209 1109333 1106865 
6323 1581135 1117796 1111096 1117091 1110038 1212650 1157642 1113917 1115328 1108275 
6390 1740165 1418226 1116738 1600882 1154468 1125201 1123438 1125907 1125201 1123438 
6440 1416816 1119911 1674930 1777895 1776132 1785653 1248264 1254964 1171394 1131195 
6497 1421046 1150237 1160463 1152705 1586777 1720418 1347350 1169984 1321961 1155173 
6567 1422457 1164694 1187966 1192904 1208418 1155526 1160815 1157994 1163284 1291989 
6631 2108650 1614281 1263779 1188672 1160110 1161168 1189025 1164694 1162578 1474291 
6644 2046237 1750391 1784595 1303625 1301862 1392132 1840308 1775427 1753565 1513080 
6687 1512374 1341355 1895670 1466535 1187262 1652011 1842072 1676694 1435504 1756738 
6760 2082909 1656243 1195724 1211240 1527537 1244738 1202424 1227460 1273300 1232396 
6845 1491570 1412584 1887559 1793410 1764143 1608639 1831493 1787416 1221466 1213708 
6852 1524011 1235922 1681631 1804341 1588187 1352286 1264838 1215118 1204892 1213002 
6871 1502148 1210182 1757091 1824088 1817740 1481697 1233807 1552925 1491218 1217939 
6881 1504264 1228165 1219350 1216176 1239449 1548341 1939041 1923174 2550832 1730644 
6896 1578666 1951735 1216528 1219702 1244385 1402711 1222171 1225697 1642491 1599118 
6907 1539174 1225344 1227812 1218292 1222524 1666468 1820561 1820209 1617454 1233454 
6967 1684804 1301509 1334303 1241212 1236980 1269068 1312793 1864639 1631559 1242270 
6984 1552573 1247559 1593829 1476407 1263780 1500738 1855119 1839955 1841366 1471471 
7053 1542700 1307503 1485928 1935162 1879096 1924936 1915768 1415757 1244386 1250380 
7120 1571614 1301157 1432683 1534942 1856882 1887206 1873101 1294104 1762733 1885796 
7145 2226072 1991581 2189047 2049057 1725708 1998281 1953146 1494038 1522247 1931283 
7150 1941509 1925289 1893906 1896727 1892848 1496859 1362160 1264837 1286347 1289873 
7218 1703846 1707371 1845950 2070214 2002160 1804694 1278941 1326898 1295515 1276826 
7309 1599471 1417520 1357928 1385432 1290578 1941156 2008859 1955261 1407294 1358633 
7376 1730997 2046941 1552925 1361101 1301157 1318083 1330072 1440088 1309267 1299746 
7416 1642138 1510259 1442204 1861113 2182347 1843129 1827967 1415052 2118170 1643548 
7501 1777895 1333245 1326898 1875922 1417520 1479581 2079735 1994402 1965487 2036716 
7540 2019085 2008507 1449962 1356518 1343118 1342413 1342765 1409058 1338886 1421752 
7618 1674931 1413994 2100187 1928110 1349465 1352991 1422809 1373090 1869929 1921410 
7672 1771195 1507790 1373796 1470766 1949972 1402710 1365333 1391074 1367096 1371680 
7685 1896727 2038831 1547283 1479581 1413994 1368154 1376617 1978182 1843834 1373796 
7759 1710192 1384021 1393190 1942215 1871691 1413994 1396363 1397422 1505674 1818799 
7793 2340672 1391779 1401300 1405179 1514137 1464771 1933399 1527890 1375912 1383669 
7882 1732407 1812099 1424220 1663999 2095250 1570556 1396716 1425984 1397774 1408352 
7885 1781774 1389664 1391779 1394953 1389664 1449961 2215845 1388959 1392132 1394953 
7967 1776485 1418225 1419283 2026490 2113234 2227482 2204914 2024022 1515900 1428099 
8009 1768375 1425983 1551867 2110765 1436914 1853003 1549399 1484165 1466534 1427041 
8012 2383339 2166832 2251812 2091371 2103008 1431978 1419636 1445024 1441146 1421399 
8109 1797995 2143911 1842777 1457014 2036011 1446435 1559273 2208793 2167184 2167889 
8135 1800815 1538468 1457013 1567383 1449256 1454545 1467944 1477112 1484518 1546578 
8183 1810336 1454193 1536353 2176352 1606170 1449609 1447493 1454898 1447492 2219372 
8266 2124165 1465829 1585718 1575493 2034248 2231714 1473234 1506733 1471118 1478876 
8299 2381928 1950324 2096661 1486281 1509906 1630148 2219372 1696441 1475349 1534589 
8385 1870985 1943978 2054347 1500738 1501443 1499680 1524716 1495448 1498270 1521542 
8453 1870986 1507438 1507086 1950678 1511669 2055052 2271559 2273322 1847361 1512374 
8517 1967603 2069510 2283195 2358656 2282843 1741576 1519780 1521543 1521190 1547284 
8533 2124870 1571967 1514843 1521190 1518722 2353366 2277201 1527537 1521542 1605818 
8620 2941531 1818799 2428473 2436231 2269444 1541289 1858645 2006744 1660121 1539879 
8621 1922821 1539878 2269443 2440110 2359007 2492297 1909774 1543757 1691151 2153785 
8699 1936573 1597003 1545873 1547283 1995460 2328683 1660121 2104771 2144264 1548342 
8773 1959845 1610050 1785652 1972540 2343493 2372407 2329388 1711956 1581840 1576904 
8835 2044120 1660121 1861818 2525443 2372759 1848065 1579019 1714424 2515922 2533905 
8870 2143206 1592066 2167889 2509928 2502876 2509928 2032837 2251460 2464088 2410842 
8958 2516627 1618159 2407317 2410137 2558942 1610754 1597002 1594181 1595945 1596650 
9053 2042358 1637906 1620628 2224661 2406964 1621685 2366060 2426358 2429883 1619922 
9119 2398501 2604782 2446456 2541311 2178821 1623801 1627680 2147438 2479603 1799405 
9210 2162247 1648837 1866402 1833608 1758149 1653773 1833961 1814920 1735934 1715834 
9287 2114996 1669289 1673168 1741928 1684451 1665763 1695735 1806810 1774369 1668584 
9341 2932363 1909068 1717245 1682689 1682336 1964429 2201035 1698556 1742633 1709488 
9366 2147790 1813509 1706314 1679867 1729234 1878038 1816330 1712660 1695030 1674931 
9427 2113939 1700319 1698908 1726060 2304705 2592088 2565289 2216904 1694677 1694324 
9522 2140033 1810689 1888264 1822325 1723592 1708782 1747922 1719360 2471845 2725377 
9527 3257476 2418247 1784242 1706314 1719713 1723239 1787416 2347724 2339261 1804341 
9553 2240176 1772605 1798347 1730291 1728176 1735228 2868539 2018733 2330799 2398149 
9563 2386864 1803636 2647448 1853708 1981355 2534259 2098424 1724650 1729234 1933046 
9578 3070589 2067394 1789531 2157311 2142501 1723592 2151317 1742986 1751096 1731702 
9583 2655559 1908364 1747218 1744044 1778247 2600550 1938688 1800816 1825499 2010269 
9633 2900628 1734171 1924584 2609719 2722203 1870633 1967955 1752859 1736287 1805399 
9715 2215141 1751449 1858644 1745807 1812804 2353366 2618181 2642512 2062457 1889675 
9769 3221509 3087515 1929520 1831846 1762733 1776485 1778953 2252165 2497939 2060694 
9792 3140760 2130865 1765906 1956672 1786357 1777189 2018733 2827283 1773664 1770843 
9887 2228540 1953145 2483129 2088551 1851239 2202093 2173179 1814568 1878039 1794821 
9910 2263096 1790589 1908011 1888969 1793763 1804341 2027901 2783911 2760638 2737718 
9932 2557884 1828671 1872749 1824441 1809278 1891085 1861112 2747945 2801189 2238060 

