1 0 0 0 0 353 0 0 352 0 0 
68 12695 8463 7758 6347 5994 5995 5994 5995 5642 5642 
114 15867 14810 15867 21157 13047 12342 12342 11989 11637 11637 
152 28914 26094 26446 34909 18689 18336 17631 17631 17278 17279 
238 49719 36320 35614 33852 32794 33852 31735 31383 31383 30678 
270 49367 40904 41256 40551 40198 40198 39493 38435 39140 38435 
284 51835 43725 42314 41256 40198 39846 39493 38788 38435 38435 
312 84276 74050 70876 66645 55008 46545 44783 43371 42667 42667 
404 76165 64529 63823 62414 61355 59944 77576 87449 89564 74755 
480 111074 107549 82160 102259 76165 75813 74403 120948 72991 72639 
561 126237 95912 126589 100144 116364 115658 122005 97675 95207 105432 
579 117422 98028 96970 94501 93796 98732 93091 92033 90976 99086 
635 126942 107901 105785 105080 118832 137520 202755 145631 137521 113190 
676 374127 201697 168551 134699 118127 111427 113543 110369 110370 111780 
745 147393 126942 127647 126590 135052 132584 124474 124827 124122 249300 
765 172782 185124 190413 379063 196408 179835 221091 130468 133290 140695 
799 232727 143163 143515 160441 163967 135405 190060 136463 137873 135405 
859 171372 149510 151625 147393 149862 157972 147746 184419 149862 177719 
936 235548 178071 188298 162909 212275 161851 161146 162556 169961 187945 
1012 200639 179834 177719 177719 178424 179835 190061 178424 260584 230612 
1033 302193 303956 295140 270457 254237 261642 266226 300783 272925 254942 
1120 321587 296551 275042 319119 356496 311009 260936 228143 219680 215096 
1126 249300 203813 201344 199228 340628 424198 463339 363548 431603 273983 
1189 335691 249301 283857 215449 215096 213334 221091 212981 213333 212276 
1218 262347 233080 218623 217917 220386 268342 246832 235901 244716 337455 
1293 374127 370248 347328 278920 233432 251063 233433 247537 250005 270457 
1294 297609 278567 280331 234843 234138 233785 243659 237663 264110 234843 
1371 287736 249653 248947 248595 250358 248595 264816 248948 329344 264463 
1455 353675 323703 268341 282446 282093 310655 302193 406920 436892 380121 
1468 317355 270105 310303 274336 266931 267284 272221 266931 280683 272926 
1498 353674 315240 276804 285972 274689 314887 306777 274688 273278 276099 
1532 334987 299371 279625 283152 278568 279626 289146 280683 281741 294435 
1569 345918 295493 338159 369190 292319 290204 358259 444650 445003 453465 
1629 474623 301135 300430 308892 300783 311360 350501 445003 501774 446060 
1659 637884 421025 321939 307482 307482 309950 305366 307482 308188 311361 
1757 412562 407978 327934 325466 332871 325466 325112 346623 343449 337807 
1825 433013 392815 381179 339570 339570 383647 473212 499305 503537 510589 
1825 418556 341333 342391 339570 340628 351559 338865 340275 439361 637179 
1827 860033 426314 464044 413267 336750 340628 353322 423846 345918 338865 
1873 397047 384000 357906 401630 521520 525047 509532 498953 513058 520816 
1937 429488 395989 395989 362138 369542 362138 366722 368132 360727 498601 
1988 495780 385763 372716 372716 374832 391758 388584 507768 590634 379416 
2001 550435 403394 424903 445356 380474 518347 595570 384705 374479 378358 
2062 438655 396342 415383 387526 510590 385057 388231 385763 405157 424551 
2113 459108 424198 431251 504947 402689 413973 686193 642115 557841 587812 
2120 707350 449939 436540 567008 435129 447119 493664 409741 525399 584639 
2123 701355 607559 604033 591692 400926 403042 398810 415383 407273 398104 
2192 485201 417851 417851 412915 415030 426666 417146 423846 417146 415383 
2247 501774 512000 494369 432661 425608 423846 633300 679140 1004606 644936 
2340 752484 508827 444297 449234 446060 446413 444297 443240 629422 656573 
2422 791978 750721 628010 463691 464044 461929 467218 460518 464397 461575 
2434 562071 466512 471802 464044 465807 463691 470744 538798 869553 812782 
2466 776816 491900 483791 468981 473917 471802 474622 474270 488375 473564 
2471 690072 755658 709466 711933 714402 706997 489433 471449 612143 500364 
2531 775405 596981 586755 582523 658689 872375 514821 496132 487669 502479 
2537 569476 500011 488727 502480 485201 673499 785631 785278 749311 767647 
2544 862854 789863 734148 729212 736616 736264 744022 779636 739791 885774 
2643 1015889 811019 765884 768705 781752 765531 768353 764474 762358 728859 
2655 810667 547615 581466 509531 519757 517641 637532 608617 826534 747900 
2728 630127 534567 580760 720044 567009 640000 586050 528925 529631 523989 
2773 614964 554667 535978 570534 533157 545851 533862 533510 532099 547967 
2845 624485 569829 558898 552903 677730 549730 551846 550435 549730 549377 
2942 643879 887185 758479 845575 620254 572650 587107 572650 573708 573356 
2985 764827 587107 578644 583581 616727 577586 615669 581113 583934 590986 
2986 654104 973223 913279 693950 579702 635768 1276474 753190 623074 577939 
2987 667856 586755 578997 582876 580760 847339 835350 886832 797620 930557 
3085 986270 916805 913631 910457 910105 919977 812430 1540231 1081123 615669 
3129 690776 611790 610027 611085 607912 613201 611438 619196 611085 753895 
3227 1035636 964760 941135 642821 627659 631889 631184 633653 641763 856154 
3317 848044 725333 951713 990853 985565 808904 692540 649168 655162 652694 
3317 739790 828297 650225 669972 740848 657278 660099 643174 651989 691129 
3323 748606 1094170 797972 664683 663272 688661 665388 656926 649168 654810 
3392 758832 669619 666799 811019 679493 667504 685135 699593 660805 667504 
3428 766589 682314 672088 705234 1135427 858975 1044452 995790 1094523 1025763 
3513 1136838 1051151 1058556 1049388 1050094 1095933 690424 714050 703471 720749 
3531 785631 867438 1367096 1045862 1057499 1050446 1057498 998612 760595 725333 
3552 805025 742612 712992 695714 701002 704176 705234 699239 699592 700297 
3615 830060 1277179 1219703 1175625 712639 820539 797267 711934 747548 731680 
3624 817013 713344 815250 730270 714402 766590 725685 723217 717929 778226 
3712 1182325 1063493 869201 776110 789157 817366 788099 735559 776463 738028 
3733 839228 741906 741201 759889 743670 741201 735206 831118 799736 775405 
3764 844517 1196429 1084650 1220055 841697 759185 777520 788099 869553 752838 
3854 1035989 775053 766942 776815 832177 762006 805025 805730 775052 772231 
3869 1369917 839934 1281410 780341 768000 815956 772584 770821 779989 767648 
3957 897410 940782 792330 793036 796914 834644 788100 866028 793388 1121322 
3977 1053620 974986 1630501 1424573 1713719 1692915 1478523 1442908 1306798 795504 
4040 923856 849102 1205598 949598 885422 838523 800088 817014 830766 864617 
4083 1324077 1242622 806082 812077 1132606 899526 828650 811724 869906 882248 
4153 1209477 930204 877664 845928 820892 829355 834645 831824 828297 830061 
4208 1055735 845223 833939 840992 845928 844165 892826 840639 897058 1222523 
4231 1341003 1197134 1386137 1382259 1390016 1290931 1348760 1315262 1481697 1384375 
4320 1445025 1265896 989091 872374 903405 870964 867790 943955 1424573 1034579 
4358 1005311 899526 872727 1003548 880484 1013068 888595 992970 1241564 939724 
4395 1015185 884011 904110 883658 916452 879074 900232 878722 1392484 1341708 
4464 1482049 1368154 1391074 1293047 1132254 1077597 1334303 1110391 893884 895648 
4488 1027879 903052 903052 902346 984154 937609 1246148 1478876 1494038 982391 
4556 1211592 915041 911162 931261 1409763 1448904 1394248 1391780 1412584 954182 
4577 1065609 1027526 1592066 1075481 1192904 1406942 1405531 1009895 925267 922799 
4620 1484517 1418579 1417873 1416815 1421399 1373443 1066314 1112507 934787 939372 
4697 1080418 949950 965113 954886 953477 953829 950655 1108981 1568793 1443966 
4730 1701377 1039867 1144242 1570908 1397774 1101223 987327 962291 959823 978159 
4743 1136484 988033 953829 963702 989443 1390722 1519427 1225697 955592 967228 
4811 1170688 983096 968639 1505322 1613928 1611460 1600881 1601234 1258490 1003196 
4812 1150237 1023647 971107 973575 1056088 1440440 1441498 1452077 1548694 1113917 
4844 1548694 1689740 1429509 1390722 1401300 1109333 981686 979570 976396 1059261 
4940 1144243 1150237 1529300 1448198 1221818 1164341 1025058 1033520 1011305 1010953 
4999 1169278 1016242 1052914 1016595 1030699 1014832 1033168 1015537 1014479 1053619 
5098 1867459 1604760 1601586 1613929 1677047 1433388 1034931 1036694 1124495 1055383 
5116 1192903 1052914 2043416 1420694 1056441 1044099 1438677 1679867 1581135 1585366 
5117 1263779 1043394 1041278 1250027 1542699 1655184 1597356 1582546 1107570 1049741 
5206 1361807 1070545 1427393 1625917 1629443 1583956 1818446 1183383 1061378 1066667 
5246 1225697 1077245 1077597 1390016 1527537 1141421 1081829 1069840 1068782 1457014 
5282 1476760 1075129 1073013 1115328 1088176 1081477 1143185 1096638 1084650 1181620 
5355 1289167 1097697 1128022 1825850 1673520 1677400 1748275 1809983 1783537 1116033 
5425 1268716 1106864 1109333 1106159 1591008 1201014 1157289 1110744 1198545 1110743 
5470 1281058 1201366 1875570 1272948 1304330 1122380 1119559 1697145 1720418 1721829 
5519 1842071 1842072 1722887 1722535 1726413 1594534 1129785 1819152 1187262 1140011 
5550 1307857 1174567 1152705 1135779 1139658 1513785 1148826 1137190 1137190 1143537 
5614 1561035 1244033 1214060 1170336 1146005 1172804 1154115 1165399 1259195 1903074 
5617 1959140 1795526 1924583 1888265 1213003 1181972 1394953 1806457 1758854 1757090 
5640 1608992 1161168 1220760 1519074 1159758 1168220 1175273 1312088 1458777 1254964 
5678 1628738 1172451 1173509 1163284 1170689 1205598 1934104 1829025 1255316 1167515 
5746 1357223 1187615 1179504 1188320 1205598 1228871 1183030 1194667 1534942 1306798 
5776 1404474 1186909 1186909 1710898 1817741 1817741 1817388 1856529 2100892 1447140 
5826 1713013 1199250 1191846 1199251 1201719 1240507 1198898 1207008 1200660 1201014 
5920 1401652 1458072 1232044 1272243 1221113 1216528 1233102 1232750 1288110 1240507 
5961 1404474 1277531 1229928 1224639 1513785 1401652 1255669 1242622 1302215 1235570 
6010 1422810 1240506 1239801 1233454 1436209 1253201 1452429 1604055 1243681 1246854 
6013 1435856 1240154 1228870 1236980 1347349 1255669 1239448 1241917 1241212 1453840 
6045 2050468 1312440 1270127 1251085 1247207 1251086 1247559 1246149 1251085 2016616 
6057 2304705 1742633 1627680 1912948 1352992 1397774 2087845 1477113 1561741 2184463 
6070 1882622 1333597 1250380 1256727 1255669 1822325 1792353 1258843 1257079 1357223 
6097 1444672 1687273 2035306 1516253 1261664 1292341 1284584 1273300 1297983 1334302 
6180 1584309 1275769 1270832 1611813 1288462 1731702 1958082 1281057 1276474 1367096 
6235 1478876 1313498 1282116 1288462 1789531 1428452 1299394 1291636 1298689 1896022 
6285 1872043 2189752 2178468 2004628 2114997 1668231 1338887 1302567 1306799 1312440 
6323 1503206 1402710 1402358 1308915 1313499 1667879 1430214 1656947 2025784 1699967 
6390 1559272 1325135 1323372 1522248 2036010 1910479 1341356 1331482 1325487 1451724 
6440 1537763 1379085 2242997 2040947 2046942 2082204 1965135 1533884 2055757 2050115 
6497 1973597 1352991 1585366 2202093 1988760 1455956 1460540 1372738 1566325 1367801 
6567 1565620 1366038 1356517 1394248 1367097 1668937 1419989 1363217 1379438 1368507 
6631 1583956 1376264 1424220 1380495 1381906 1387196 1383316 1742633 1526479 2200682 
6644 2305763 2116760 2283900 1935162 1386137 1763085 1489102 1424220 1416110 1386490 
6687 2332914 2309641 2184815 1487339 1396364 1763437 1591008 1439383 1389312 1437267 
6760 1619570 1658358 2172120 2156253 2311405 2227834 1680573 1413994 1505675 1419636 
6845 1643195 1436562 1446435 1532474 1514843 1836429 1524363 1448551 1427041 1493333 
6852 1660121 1432330 1425631 1459482 1428099 1584308 2254986 2238413 2193631 2193631 
6871 1936573 1431272 1428099 1436562 1425631 1857939 1594887 1448903 1448904 1436914 
6881 1665410 2044474 2208441 1539526 1428804 1976066 1534589 1435504 1465476 1440440 
6896 1681278 1434798 1432682 1809631 2195394 1687273 1618512 1451724 1444672 1443967 
6907 1704550 2337851 2406612 2235592 2416484 1750744 1441146 1437972 1448198 1441499 
6967 1682335 1492628 1514490 1479228 1773663 1603703 1478170 1465476 1484517 1509906 
6984 1680220 1459482 1463008 1466887 1458777 1797289 1470413 1482754 1461950 1464419 
7053 2497587 1762733 1461598 1484870 1476760 1631559 1574788 1529300 1484517 1494743 
7120 1804341 1486986 1482402 1494743 2366413 2108297 1506733 1750038 1500738 1535295 
7145 1764496 1486280 1509201 1527537 1549752 1853355 2392507 1565620 1515195 1521542 
7150 1738049 1534589 1498975 1496154 1503207 1757796 2354776 1771548 1498270 1514137 
7218 1762380 1867460 2373465 1539879 1679162 2532848 2453157 2211967 1526127 1515900 
7309 2608661 1653069 1596298 2586094 2356539 2279669 1530006 1570556 1540231 1544110 
7376 1778600 1772253 2507812 1790589 1548694 1546578 1552220 1865696 2364650 1564562 
7416 1927052 2483129 2386159 2026137 1602997 1633322 1563151 1771548 1563151 1861465 
7501 1985234 1570203 1569146 2083262 2290600 1588187 1570556 1579019 1837840 1578314 
7540 2203856 1727118 1571614 1580429 1585366 1594887 1713719 1666116 2153433 1770490 
7618 1846656 1730644 2617123 2448925 2456331 2466556 1933751 1664000 1622743 1614281 
7672 1860407 2030369 2781443 2697873 1972892 1671757 1618864 1759206 1616749 1619570 
7685 1871339 1876980 2704573 2004275 1633322 1624154 2339262 2478897 2469024 1623096 
7759 1911184 1900606 1637906 1673168 1677751 2483129 2056815 1634380 1659416 1646369 
7793 2653091 2131570 1695383 2368528 2547657 2568815 1668584 1726765 2802600 1905542 
7882 1973598 1670346 1652716 1891085 2149201 1675284 2450335 2548011 2543780 2539548 
7885 2109355 1659063 1658710 2833983 2463735 2589267 2648507 2126281 2454920 1684452 
7967 2320573 2814236 2836804 1722886 1722182 1695030 1701024 1679162 1765906 2049057 
8009 1949973 1686568 2355481 2563878 1691504 1690094 1705256 2113939 2755349 1701377 
8012 1943272 1687272 2650974 2317752 1689741 2485245 2598787 1809278 1755680 1832198 
8109 1978887 1799757 2533906 2198567 1723592 1715834 1730644 2020143 2244760 1715481 
8135 1987702 1721123 2636164 2095251 1727118 1776837 1735228 1805399 1825146 2613245 
8183 3075526 2904154 2318457 1721829 1722534 1739107 1753212 2125223 1863934 1734875 
8266 2027548 2276848 1875570 2921785 2845972 2166126 1804341 2863955 2201741 1757443 
8299 2977851 1844893 2351955 3095977 2753234 1837487 1757796 1762732 1973245 2923547 
8385 2196099 1776837 1790237 1782831 1781774 1828320 1797289 1795173 2318810 2759581 
8453 2350897 1782126 1782831 1791647 1835019 2465146 2295537 1854765 1819151 2108650 
8517 3095625 3027570 3062479 2117112 1865696 1813862 1826557 1825146 2067747 1828319 
8533 2089961 2469729 2622413 1811746 1808925 1828672 1842424 1954908 1843129 2431294 
8620 2140385 3090336 1896375 1863581 1850534 2062810 2907328 2860077 2823404 3045906 
8621 2291306 1821619 1817388 2372407 2954931 2222192 1838898 1842424 2685178 2235592 
8699 2615008 1887558 1881565 1878390 1866402 1854060 1889322 2320925 2885465 2895339 
8773 3095272 1860407 1905895 1869223 1899196 1892848 2380165 2344198 1880859 1879449 
8835 2176352 1947152 1918236 1915768 2118523 2000749 2859018 1933752 1883680 1890732 
8870 2223250 1963724 2180584 1883681 1907658 2604077 2494765 1915415 1906953 2037774 
8958 2463735 3046964 2932011 3022281 2758523 1916121 3002181 2111470 1921411 2091724 
9053 2278258 1966898 3172143 2188694 1945035 1951382 2117465 2940474 1940804 2020848 
9119 2386512 2004980 2085377 2004628 1951382 1946093 1954556 1997575 2199625 2999360 
9210 3161212 2972915 2649564 1979239 2009917 3458115 3052253 3040616 2618887 3043085 
9287 2661905 2071272 2071625 1990523 2006391 2197156 2969388 2013090 2314226 2019790 
9341 2309642 2910148 3150633 3385829 2703514 2057520 2001807 2036364 2014854 3091394 
9366 3514182 2097014 2408022 3082578 3101267 3143228 2007801 2217255 2119934 2022259 
9427 2371350 2018732 2035658 2444694 2954226 2033542 2016969 2031779 2053641 2206677 
9522 2360066 2026137 2462325 2136859 3391823 3168616 2104065 2702810 2854435 2081146 
9527 3412628 2097366 2026137 2033895 2959514 3043438 2053289 2059988 2187989 2721498 
9553 3454589 2859372 2117818 2061047 2057520 2083966 2472903 2113587 2705630 2629818 
9563 2379459 2172121 2124870 2051526 2072330 2058225 2436584 2078677 3109729 3191537 
9578 2461619 2138270 2290952 2057167 2930952 2081498 2064573 2128749 2145675 2108298 
9583 3612914 2814237 2128396 2116760 2094192 2071625 2062810 3495845 2595966 2080088 
9633 2703162 3209520 3272286 3049079 2156605 2082908 2090314 3122424 2112528 2146733 
9715 2483481 3168264 2975383 3200352 2484540 2774391 3207404 3262060 3007471 2110060 
9769 2424948 2270149 2228892 2187283 2452804 3373487 2928484 2872418 3549796 3201410 
9792 2507813 2276495 2974677 2833983 2104771 2125223 2133685 2176000 2392859 2112176 
9887 2697520 2503228 3440132 3436605 3275459 2266974 3383360 2583625 2171063 2133686 
9910 2457741 2140032 2117113 3211283 3285333 3353740 2572694 2136859 2138622 3095273 
9932 2797663 2120639 2201741 2198920 2214082 2142148 3405575 3275106 3448242 3277222 